27  95  03
27  79  03
27  93  03
26  94  06
27  88  05
28  78  03
27  74  03 
27  74  03
26  80  05
26  79  06
27  78  05
27  77  03
27  76  05
27  75  05
27  74  08
27  91  11
27  82  06
27  72  06
26  72  06
26  72  05
26  72  05
27  71  08
27  81  11
27  95  14
26  91  10
26  91  13
26  91  06
26  91  05
26  82  05
27  82  10
19  82  02
18  74  05
19  57  05   
17  54  05
17  54  05
17  70  02
18  75  00
16  73  02
17  69  00
16  80  05
19  69  05
19  61  05
18  59  03
17  58  03
17  56  08
16  61  10
14  62  03
15  63  06
14  60  06
18  54  08
18  51  14
16  56  16
17  68  05
16  77  02
13  94  03
16  75  08
16  65  06
14  64  08
14  86  03
14  89  05
16  62  02
17  77  02
17  81  03
17  71  03
18  76  02
18  80  06
14  96  11
16  83  02
13  81  05
11  72  08
  