31  66  14
30  71  18
29  75  16
29  66  13
29  73  08
30  74  13
28  74  10
30  66  10
31  67  77
32  61  14
32  65  13
30  62  14
31  57  16
31  53  18
32  52  16
31  56  19
31  63  18
33  56  14
31  57  18
31  62  13
31  61  16
31  64  14
31  66  08
29  66  08
30  69  14
29  74  13
29  78  11
29  74  08
27  52  21
27  46  26
26  46  29
24  41  24
25  44  24
26  55  19
26  55  06
27  41  27
27  41  16
25  44  26
25  42  14
25  49  21
25  49  11
26  52  27
26  52  18
25  49  11
25  47  21
25  47  13
25  56  29
25  56  14
26  52  18
26  52  27
25  47  26
25  47  11
25  62  16
25  62  08
24  66  14
24  66  06
26  56  14
26  56  19
24  55  10
24  55  14
25  59  13
25  59  24
23  55  26
23  55  14
24  52  13
29  73  24
29  73  13
35  89  10
30  73  21
30  73  14
26  49  26
  