31  77  11  
32  77  14
31  79  16
31  77  14
31  75  14
29  75  13
28  72  10
28  76  10
29  77  11
29  77  11
29  78  06
29  80  08
30  79  10
30  77  11
29  77  11
30  76  08
29  80  10
30  78  10
31  77  13
31  78  11
29  83  11
28  86  08
28  87  05
28  79  10
28  86  06
29  83  08
29  80  08
29  79  11
32  83  10
31  76  06
35  81  08
38  80  18
39  42  21
40  89  24
39  79  23
41  63  11
40  60  14
40  89  16
38  42  14
37  94  16
38  94  37
36  89  35
36  94  23
42  84  26
44  94  26
43  94  26
36  79  23
37  84  27
32  84  24
36  84  21
37  79  24
37  79  29
35  89  27
45  75  05
36  62  27
38  66  29
38  58  26
38  79  27
38  79  26
43  80  02
37  89  27
27  20  04
28  19  06
30  19  06
29  17  06
29  19  06
27  20  04
27  47  14
26  44  13
25  39  26
